100
3122455431
98266
9819885
6824563852
63191515
756399
78188
7627394
3882338
2456935
21355163
49
4273866
2672982765
61643913
25878881
463
98
52
61318529
7725375639
582
861344192
5763
92718
699596
5214352
3139298729
3578
469468
865912595
7264479955
362792
7679941
2381893759
236125552
87942
459748429
9236287
8635
27
289774254
61
94382714
7987695298
657
857318
757
279778
94
6927959
4945
437434
736667
487724649
7834237353
77389
5756
4768998
417
22867377
87962
5362
817121
285714537
96
42
68163268
722589
626
6126571237
62962
275
95962783
872874
466
27442
584
697492
43226895
9369778327
863
8466455
4994216872
844
293
86977
522893864
66776
6255575
7439548417
73994
623
58
62685
397632
6887255165
4815
69121591
46
